              precision    recall  f1-score   support

           A     0.9955    0.9800    0.9877       450
           B     0.9761    0.9978    0.9868       450
           C     1.0000    1.0000    1.0000       450
           D     0.9978    0.9956    0.9967       450
           E     1.0000    0.9933    0.9967       450
           F     0.9910    0.9800    0.9855       450
           G     1.0000    0.9978    0.9989       450
           H     1.0000    0.9822    0.9910       450
           I     0.9825    1.0000    0.9912       450
           J     1.0000    0.9889    0.9944       450
           K     0.9956    1.0000    0.9978       450
           L     0.9847    1.0000    0.9923       450
           M     0.9978    1.0000    0.9989       450
           N     0.9956    0.9978    0.9967       450
           O     0.9978    0.9978    0.9978       450
           P     1.0000    1.0000    1.0000       450
           Q     0.9956    0.9956    0.9956       450
           R     1.0000    1.0000    1.0000       450
           S     1.0000    1.0000    1.0000       450
           T     0.9932    0.9756    0.9843       450
           U     0.9912    1.0000    0.9956       450
           V     1.0000    0.9978    0.9989       450
           W     1.0000    0.9978    0.9989       450
           X     0.9551    0.9933    0.9739       450
           Y     0.9909    0.9711    0.9809       450
           Z     0.9865    0.9778    0.9821       450
         del     0.9933    0.9956    0.9945       450
     nothing     0.9956    0.9978    0.9967       450
       space     0.9956    0.9956    0.9956       450

    accuracy                         0.9934     13050
   macro avg     0.9935    0.9934    0.9934     13050
weighted avg     0.9935    0.9934    0.9934     13050
